4.206193964292568865e-01
2.828349357105974793e-01
6.869039220864316952e-01
5.406873205251149228e-01
7.095842165670976920e-01
5.664828037389200155e-01
5.586729193532633531e-01
7.205319494477763209e-01
7.385050100629314551e-01
7.089636670831754861e-01
7.397831482991558127e-01
4.901727462673404756e-01
3.420460247110296281e-01
6.154519205158509587e-01
4.644740388992789626e-01
6.630279356022548143e-01
6.030354496231653538e-01
6.830512763909044605e-01
3.424630780668626584e-01
3.550693315036991260e-01
3.507842465314534586e-01
3.639774672998039029e-01
5.278064953533836423e-01
2.955691587423521782e-01
2.891731443446642347e-01
2.790109077332449949e-01
3.668593068402195012e-01
3.568866572396349746e-01
3.447333592787725220e-01
6.868695746028161686e-01
6.303928603487813920e-01
7.456258250038522162e-01
5.444369691273669432e-01
4.686334463520516747e-01
5.948711978664866784e-01
7.192462803198464982e-01
5.265758700129826719e-01
6.859895102981322657e-01
3.843106278251587904e-01
6.676881788232625903e-01
3.628253080688299548e-01
4.556134319530859011e-01
3.613634961123832201e-01
3.430362991823201479e-01
5.935567083728648941e-01
7.244839495292930698e-01
6.725459787792659183e-01
6.082317606550892153e-01
7.151892138303487245e-01
3.135881487681467239e-01
7.032679011172958683e-01
6.669152731994155703e-01
4.747852932824826455e-01
5.034236961420854861e-01
5.761995293731834167e-01
5.663635531060928763e-01
6.084905274076258808e-01
2.677337495505360820e-01
3.690959530400726996e-01
7.357137755889330277e-01
7.390372948874645020e-01
3.359846866403167764e-01
2.907069699554834519e-01
3.478108497821621459e-01
7.121430358281235495e-01
6.251590611213605486e-01
7.114163177778608516e-01
3.392515688986498246e-01
6.295868240931565829e-01
6.595514584062702745e-01
3.342824864590364098e-01
5.397257451150307972e-01
2.854635726459536227e-01
7.267357955166863226e-01
6.746506026175167481e-01
6.271881152082853239e-01
5.708352322100697096e-01
2.702253665407902128e-01
5.660073609358570179e-01
5.354119250445209532e-01
5.447830369346493562e-01
3.214531787594843704e-01
2.631096216924103670e-01
6.456848026702186605e-01
4.503028975623754038e-01
2.805065389662486641e-01
4.275704155880716839e-01
6.881537756852865728e-01
7.174594163462965080e-01
3.763117390752330760e-01
3.112489589916455079e-01
4.074293351109115058e-01
7.070950942263131145e-01
5.143009467502048793e-01
7.431129833184506595e-01
5.608051474465347574e-01
4.718109574974922449e-01
2.882960624052283150e-01
2.664584584200715978e-01
6.678258306110134157e-01
3.170534345745542604e-01
5.152308290041227590e-01
7.146526415061629223e-01
5.756801358096458321e-01
6.829256424812130133e-01
2.691294596558858609e-01
3.369416560221469847e-01
4.313043028002643831e-01
6.841274610238529119e-01
2.962537910537009211e-01
5.123927250090627439e-01
2.848496320297658757e-01
6.146759791227178749e-01
6.658687228913694467e-01
2.799578383739691478e-01
2.830451003796727871e-01
6.075929390210011993e-01
5.309580030635292491e-01
4.955093359747475557e-01
6.276258538815636667e-01
3.886985235934828364e-01
5.424099583530592739e-01
5.023254685471126857e-01
4.189673319419419673e-01
5.068239728395599331e-01
4.174149756731388439e-01
3.920771771769371861e-01
6.474487957185750542e-01
3.176184696460656598e-01
7.416962645697098289e-01
5.481409151008941327e-01
5.291207480782208483e-01
4.241137679915618630e-01
5.536972319439812384e-01
5.112918769351972870e-01
5.272732213485890052e-01
2.780877840688535940e-01
2.975966344766159399e-01
7.161724468607914007e-01
7.363831354716676714e-01
3.598927838086151687e-01
2.727860048180124619e-01
6.731353867765911270e-01
7.144741085450317941e-01
3.368736403624389419e-01
3.305186924567019568e-01
5.637815935925681865e-01
3.310157139329256704e-01
3.176912764686584123e-01
6.004510548758428268e-01
2.580733423604354426e-01
3.102079470182655951e-01
6.139705316191579332e-01
6.190347578539070472e-01
7.130415574541935086e-01
3.239873736685876526e-01
3.429017119317149809e-01
6.143154713433246483e-01
6.156688922149429199e-01
5.669461949958567448e-01
5.259015983067686362e-01
4.610334504758633045e-01
7.373999986986597976e-01
5.160204380832602578e-01
6.533027726450064687e-01
2.680755068222714366e-01
3.328402086161846296e-01
4.098815369205925374e-01
7.118610563123632939e-01
3.379885907081514596e-01
5.621846166498455366e-01
7.120984646437540366e-01
6.334809284742228819e-01
6.085242472867110619e-01
6.785473476814218863e-01
3.251653406032020688e-01
4.186647769372597860e-01
6.762614527306897161e-01
4.661963362844410153e-01
3.382835932112545629e-01
5.112331723229078806e-01
6.139116419724466311e-01
3.415939922525145778e-01
6.769984970499709487e-01
5.687242190713194256e-01
2.885131047063043130e-01
2.595251950466223589e-01
6.028792039185927321e-01
3.446484312299860631e-01
5.734541183689867427e-01
6.891924472868191653e-01
2.761131471911001389e-01
5.124397008385213059e-01
6.997552382794501868e-01
6.682308271739727523e-01
5.742070076578981164e-01
5.316427834817323284e-01
3.419293542592858892e-01
5.688946400556115224e-01
7.391438613321694717e-01
